0.00 1.000000
0.10 1.115512
0.20 1.264208
0.30 1.449575
0.40 1.675473
0.50 1.946162
0.60 2.266354
0.70 2.641255
0.80 3.076619
0.90 3.578804
1.00 4.154839
1.10 4.812490
1.20 5.560342
1.30 6.407879
1.40 7.365587
1.50 8.445052
1.60 9.659079
1.70 11.021821
1.80 12.548917
1.90 14.257654
2.00 16.167134
2.10 18.298470
2.20 20.674995
2.30 23.322495
2.40 26.269468
2.50 29.547412
2.60 33.191134
2.70 37.239103
2.80 41.733834
2.90 46.722315
3.00 52.256472
3.10 58.393696
3.20 65.197410
3.30 72.737711
3.40 81.092066
3.50 90.346089
3.60 100.594400
3.70 111.941569
3.80 124.503163
3.90 138.406904
4.00 153.793948
4.10 170.820294
4.20 189.658349
4.30 210.498652
4.40 233.551782
4.50 259.050462
4.60 287.251894
4.70 318.440329
4.80 352.929911
4.90 391.067825
5.00 433.237770
5.10 479.863798
5.20 531.414557
5.30 588.407987
5.40 651.416498
5.50 721.072701
5.60 798.075739
5.70 883.198284
5.80 977.294273
5.90 1081.307449
6.00 1196.280812
6.10 1323.367054
6.20 1463.840096
6.30 1619.107838
6.40 1790.726253
6.50 1980.414954
6.60 2190.074407
6.70 2421.804955
6.80 2677.927831
6.90 2961.008397
7.00 3273.881817
7.10 3619.681429
7.20 4001.870109
7.30 4424.274925
7.40 4891.125441
7.50 5407.096050
7.60 5977.352752
7.70 6607.604860
7.80 7304.162142
7.90 8073.997968
8.00 8924.819104
8.10 9865.142841
8.20 10904.382244
8.30 12052.940355
8.40 13322.314313
8.50 14725.210423
8.60 16275.671320
8.70 17989.216516
8.80 19882.997722
8.90 21975.970510
9.00 24289.084025
9.10 26845.490649
9.20 29670.777723
9.30 32793.223626
9.40 36244.080802
9.50 40057.888537
9.60 44272.818643
9.70 48931.057496
9.80 54079.228244
9.90 59768.857435
