0.0000 1.000000
0.0100 1.010151
0.0200 1.020604
0.0300 1.031364
0.0400 1.042432
0.0500 1.053813
0.0600 1.065510
0.0700 1.077525
0.0800 1.089861
0.0900 1.102523
0.1000 1.115513
0.1100 1.128834
0.1200 1.142491
0.1300 1.156485
0.1400 1.170821
0.1500 1.185503
0.1600 1.200533
0.1700 1.215915
0.1800 1.231652
0.1900 1.247749
0.2000 1.264208
0.2100 1.281034
0.2200 1.298230
0.2300 1.315800
0.2400 1.333747
0.2500 1.352076
0.2600 1.370790
0.2700 1.389893
0.2800 1.409389
0.2900 1.429282
0.3000 1.449576
0.3100 1.470275
0.3200 1.491383
0.3300 1.512904
0.3400 1.534843
0.3500 1.557203
0.3600 1.579988
0.3700 1.603204
0.3800 1.626854
0.3900 1.650942
0.4000 1.675474
0.4100 1.700453
0.4200 1.725885
0.4300 1.751773
0.4400 1.778122
0.4500 1.804937
0.4600 1.832222
0.4700 1.859983
0.4800 1.888223
0.4900 1.916949
0.5000 1.946164
0.5100 1.975874
0.5200 2.006083
0.5300 2.036797
0.5400 2.068021
0.5500 2.099759
0.5600 2.132018
0.5700 2.164801
0.5800 2.198115
0.5900 2.231965
0.6000 2.266356
0.6100 2.301294
0.6200 2.336784
0.6300 2.372832
0.6400 2.409443
0.6500 2.446622
0.6600 2.484377
0.6700 2.522712
0.6800 2.561633
0.6900 2.601147
0.7000 2.641258
0.7100 2.681974
0.7200 2.723300
0.7300 2.765242
0.7400 2.807807
0.7500 2.851000
0.7600 2.894829
0.7700 2.939299
0.7800 2.984417
0.7900 3.030189
0.8000 3.076623
0.8100 3.123724
0.8200 3.171500
0.8300 3.219956
0.8400 3.269101
0.8500 3.318941
0.8600 3.369482
0.8700 3.420733
0.8800 3.472699
0.8900 3.525389
0.9000 3.578809
0.9100 3.632968
0.9200 3.687871
0.9300 3.743528
0.9400 3.799944
0.9500 3.857129
0.9600 3.915089
0.9700 3.973833
0.9800 4.033369
0.9900 4.093703
